Ep (MeV) 7.12 MeV 6.92 MeV 6.13 MeV 4.44 MeV 2.74 MeV
s (mb) a2/a0 s (mb) a2/a0 a4/a0 s (mb) a2/a0 a4/a0 a6/a0 s (mb) a2/a0 a4/a0 s (mb)
9 21 -0.04 93 0.58 -0.38 69 0.12 -0.17 -0.67 290 0.32 -0.17 0
10 37 -0.02 124 0.35 -0.06 97 0.28 -0.27 -0.32 265 0.36 -0.24 2.7
11 51 -0.08 50 0.27 0.07 122 0.49 0.07 -0.31 317 0.37 -0.10 7.8
12 39 -0.33 33 0.18 0.10 160 0.29 -0.27 -0.12 270 0.42 -0.22 10
13 45 -0.24 33 0.24 0.24 163 0.19 -0.27 -0.33 282 0.50 -0.26 23
14 58 -0.07 29 0.23 0.45 130 0.11 -0.23 -0.54 281 0.52 -0.28 39
15 54 0.04 34 0.23 0.20 128 0.13 -0.25 -0.49 217 0.54 -0.27 24
16 46 0.02 35 0.14 0.06 115 0.01 -0.34 -0.68 193 0.51 -0.21 34
17 41 0.05 29 0.08 -0.04 107 0.04 -0.35 -0.58 169 0.49 -0.19 34
18 33 0.15 28 0.17 -0.01 97 0.03 -0.33 -0.69 156 0.47 -0.16 27
19 30 0.08 26 0.05 0.16 92 0.06 -0.29 -0.54 140 0.45 -0.16 26

